#blueprint file for Ophionotus hexactis rest of locations
#input setting
popid: hex_other
nseq: 38
L: 1135820
whether_folded: true
SFS:  67.86711662658556 121.8484552920559 118.5392061234518 93.73300736138341 71.95887104232941 58.1153224381769 50.507216186353 44.7287506387435 43.45661628992367 42.9797542431416 40.58181186514989 36.78189562116521 32.15365124169166 26.06117520235933 18.09845648217014 9.928881342601176 4.033321527501001 1.146201584252092 0.2136531112682997 
smallest_size_of_SFS_bin_used_for_estimation: 1
largest_size_of_SFS_bin_used_for_estimation: 19
pct_training: 0.67
nrand: 9	18	28	36
project_dir: ./ophionotus/analyses/stairwayplot/hex_other
stairway_plot_dir: ./ophionotus/analyses/stairwayplot/stairway_plot_es
ninput: 200 
#random_seed: 6
#output setting
mu: 1.43e-8
year_per_generation: 9
#plot setting
plot_title: hex_other_fold
xrange: 0,0
yrange: 0,0
xspacing: 2
yspacing: 2
fontsize: 11