#blueprint file for Ophionotus victoriae island
#input setting
popid: vic_island
nseq: 78
L: 1135820
whether_folded: true
SFS: 	111.7359080675634 114.4656532560153 102.2416541454307 92.99112630438825 71.4781548684559 51.89551101606023 40.82302565268543 35.38275026691272 31.72462610881468 28.06004104567754 24.3479947785122 21.32557783569724 19.34573913837306 18.03163647527412 16.8816405566594 15.76986947620453 14.90674879648967 14.46927539487164 14.34700144040524 14.25907444618147 14.03425176020009 13.70059724746112 13.33791445699419 12.91666795310464 12.29177259751853 11.31925936354354 9.965565072854748 8.327137739383865 6.574757942466857 4.884272870287981 3.394174886575948 2.189954310989708 1.3010935078507 0.7060695035367291 0.3474417217456305 0.1540361307350214 0.06118619368891361 0.02173464977099078 0.007234973217867311
smallest_size_of_SFS_bin_used_for_estimation: 1
largest_size_of_SFS_bin_used_for_estimation: 39
pct_training: 0.67
nrand: 19	38	58	76
project_dir: ./ophionotus/analyses/stairwayplot/vic_island
stairway_plot_dir: ./ophionotus/analyses/stairwayplot/stairway_plot_es
ninput: 200 
#random_seed: 6
#output setting
mu: 1.43e-8
year_per_generation: 9
#plot setting
plot_title: vic_island_fold # title of the plot
xrange: 0,0
yrange: 0,0
xspacing: 2
yspacing: 2
fontsize: 11
