#blueprint file for Ophionotus victoriae island
#input setting
popid: vic_island
nseq: 80
L: 277760
whether_folded: true
SFS: 	2202.526886717234 1274.78852634909 838.6918025862851 597.5212436368491 440.1365489065697 342.3975990155127 274.9445523283553 225.7136782199406 200.0643806061619 172.400713418122 150.9206542079819 133.958883520676 119.2594412828236 103.5358173681168 92.62184140701342 88.0146396428126 81.44838346304427 77.35652137408155 74.23207215987243 74.51636797688677 75.83046585513823 75.80015065846278 72.0250766000967 70.65700286521624 63.04806967578537 54.69968985298556 45.12788832591338 35.54859393150009 26.81671206647264 19.62689245701333 13.84749189854438 9.208388544210251 5.538144136655557 3.101112752431297 1.655881347108158 0.9376575828230392 0.617454682528372 0.5298039599356299 0.5566072125597518 0.2911501788075194
smallest_size_of_SFS_bin_used_for_estimation: 1
largest_size_of_SFS_bin_used_for_estimation: 40
pct_training: 0.67
nrand: 19	39	58	78
project_dir: ./ophionotus/analyses/stairwayplot/vic_island
stairway_plot_dir: ./ophionotus/analyses/stairwayplot/stairway_plot_es
ninput: 200 
#random_seed: 6
#output setting
mu: 1.43e-8
year_per_generation: 9
#plot setting
plot_title: vic_island_fold # title of the plot
xrange: 0,0
yrange: 0,0
xspacing: 2
yspacing: 2
fontsize: 11
