#blueprint file for Ophionotus victoriae shelf
#input setting
popid: vic_shelf
nseq: 92
L: 277760
whether_folded: true # whethr the SFS is folded (true or false)
SFS: 	2117.617018287249 1294.809843025891 848.6577230818405 595.3293453638537 439.9123086542102 325.531704060784 260.4222965677839 219.5924087234952 196.2997066641745 176.3893513226509 148.5443446829237 136.0400074653728 120.6399481210069 108.139324175712 98.68915078848127 89.92035129666142 86.97885574693093 83.45605335056062 78.94060311137804 74.03464697154511 72.63202608512691 69.81414868748311 65.52936078292547 67.46664111314895 64.80743188640764 66.40204655259987 64.95273839704811 60.82658993701598 54.14898638373991 47.00837008173776 40.10613493967871 33.8116940166884 27.48516761815726 22.86652104519879 16.35362428996024 10.85527305801733 6.808927659126515 4.433155293334957 2.749057933227459 1.498907770052813 0.7752963553134322 0.4124831042018324 0.2008821754524243 0.08625463739537355 0.03351576017289087 0.009439629044825558
smallest_size_of_SFS_bin_used_for_estimation: 1
largest_size_of_SFS_bin_used_for_estimation: 46
pct_training: 0.67
nrand: 22	45	67	90
project_dir: ./ophionotus/analyses/stairwayplot/vic_shelf
stairway_plot_dir: ./ophionotus/analyses/stairwayplot/stairway_plot_es
ninput: 200
#random_seed: 6
#output setting
mu: 1.43e-8
year_per_generation: 9
#plot setting
plot_title: vic_shelf_fold
xrange: 0,0
yrange: 0,0
xspacing: 2
yspacing: 2
fontsize: 11
