#blueprint file for Ophionotus victoriae deep
#input setting
popid: vic_deep
nseq: 16
L: 1135820
whether_folded: true
SFS: 	170.9599644139207 175.386393104459 141.9230421791985 110.7023995620625 89.74827013792023 68.42834369785689 41.22226129251874 17.75732245507953
smallest_size_of_SFS_bin_used_for_estimation: 1
largest_size_of_SFS_bin_used_for_estimation: 8
pct_training: 0.67
nrand: 3	7	12	14
project_dir: ./ophionotus/analyses/stairwayplot/vic_deep
stairway_plot_dir: ./ophionotus/analyses/stairwayplot/stairway_plot_es
ninput: 200 
#random_seed: 6
#output setting
mu: 1.43e-8
year_per_generation: 9
#plot setting
plot_title: vic_deep_fold
xrange: 0,0
yrange: 0,0
xspacing: 2
yspacing: 2
fontsize: 11
