#blueprint file for Ophionotus victoriae shelf
#input setting
popid: vic_shelf
nseq: 90
L: 1135820
whether_folded: true # whethr the SFS is folded (true or false)
SFS: 	140.9026518601959 131.2465307168313 130.7655060628799 133.6030019108923 101.9916069499803 70.86907078939404 58.16093212026908 54.5403178037563 49.11818158196479 43.22467061514675 38.00852925364144 33.85218113267475 30.89732584437512 28.52857309419063 26.06584742857616 23.52496989692256 21.38862505458749 19.96090105441772 19.03059773571929 18.14224104136471 17.12289334176103 16.21098277233147 15.68490285905614 15.52833785015181 15.51241501452569 15.47949314861791 15.4345319619738 15.39377368721655 15.24571063103245 14.79588551026451 13.9081979998263 12.57396354043937 10.87341564584368 8.920351937204572 6.856239986068951 4.863054748705553 3.135617168123458 1.813879239461673 0.9311910520963383 0.4204335873960838 0.165639496184207 0.05651959841270821 0.01657553073101894 0.004144920824136471 0.0008955500221812599
smallest_size_of_SFS_bin_used_for_estimation: 1
largest_size_of_SFS_bin_used_for_estimation: 45
pct_training: 0.67
nrand: 22	44	67	88
project_dir: ./ophionotus/analyses/stairwayplot/vic_shelf
stairway_plot_dir: ./ophionotus/analyses/stairwayplot/stairway_plot_es
ninput: 200
#random_seed: 6
#output setting
mu: 1.43e-8
year_per_generation: 9
#plot setting
plot_title: vic_shelf_fold
xrange: 0,0
yrange: 0,0
xspacing: 2
yspacing: 2
fontsize: 11
