#blueprint file for Ophionotus victoriae deep
#input setting
popid: vic_deep
nseq: 18
L: 277760
whether_folded: true
SFS: 	2010.67479889075 884.8176568076246 524.1361559888038 361.6988622212846 267.1646631376399 186.9292464340453 114.1754207351595 55.45487861514302 18.08003379767789
smallest_size_of_SFS_bin_used_for_estimation: 1
largest_size_of_SFS_bin_used_for_estimation: 9
pct_training: 0.67
nrand: 4	8	12	16
project_dir: ./ophionotus/analyses/stairwayplot/vic_deep
stairway_plot_dir: ./ophionotus/analyses/stairwayplot/stairway_plot_es
ninput: 200 
#random_seed: 6
#output setting
mu: 1.43e-8
year_per_generation: 9
#plot setting
plot_title: vic_deep_fold
xrange: 0,0
yrange: 0,0
xspacing: 2
yspacing: 2
fontsize: 11
